100
4
802 897
992 765
521 1
380 220
969 729
887 184
641 104
378 909
582 724
583 387
294 241
198 159
369 653
692 418
901 36
623 516
971 703
394 304
525 491
219 464
648 183
287 796
395 979
702 356
743 667
908 976
134 728
380 106
214 193
920 71
587 114
817 543
537 248
739 901
364 752
626 649
444 702
681 913
959 529
196 72
738 392
119 103
900 872
65 189
260 113
228 985
217 537
785 735
636 445
196 214
553 690
392 822
425 687
216 763
525 73
155 412
205 263
825 965
153 105
218 580
255 103
641 136
872 472
607 115
19 197
577 494
5 572
259 659
421 120
194 165
577 637
900 39
4 472
577 724
304 157
261 486
312 249
411 592
397 874
70 18
512 417
679 338
997 517
328 938
793 418
745 522
561 59
532 644
57 255
413 108
284 51
300 364
646 597
470 712
730 42
459 231
569 932
138 829
766 565
673 466
1000 0.5 0.01 2
10000 1.0 0.02 3
10000 1.5 0.03 5
10000 2.0 0.04 7
