200
4
957 135
149 141
1 96
228 268
781 529
867 797
109 53
13 449
133 293
259 172
908 678
930 867
903 766
143 263
735 501
259 253
59 62
737 464
925 587
16 404
893 720
131 188
226 228
285 68
113 323
67 307
797 381
804 573
892 838
307 141
40 347
933 708
906 725
242 231
310 255
183 308
57 153
122 254
1 437
83 548
872 427
118 317
100 402
54 335
180 118
875 774
792 774
92 166
890 821
184 6
189 299
230 234
61 728
147 501
180 371
756 455
121 248
747 756
890 825
275 63
67 131
96 15
709 611
893 822
121 170
770 580
122 320
695 626
712 670
101 98
824 813
256 265
726 553
248 359
864 742
149 74
872 329
847 817
864 575
976 818
193 126
79 88
97 403
284 424
907 842
808 590
146 120
66 480
824 634
9 421
152 157
318 223
853 307
184 277
268 379
183 236
93 217
207 439
280 417
80 110
20 67
142 384
165 63
62 410
176 261
223 301
830 608
7 164
188 108
770 537
168 99
641 321
174 165
886 816
53 303
216 377
214 261
104 44
393 114
222 51
261 355
894 577
35 285
93 509
127 150
873 468
60 105
133 232
147 252
778 547
227 403
46 419
82 381
83 80
43 466
246 330
337 216
83 205
9 55
127 123
121 449
72 189
771 491
73 201
181 188
727 549
26 332
221 419
17 212
59 359
798 525
714 613
91 419
229 353
875 568
241 285
236 368
45 86
446 310
128 366
163 168
322 272
958 864
754 814
136 184
111 119
120 300
686 372
32 68
224 70
113 76
228 73
216 34
218 360
157 167
58 242
84 263
330 253
903 822
900 858
270 381
15 37
79 523
207 329
130 274
870 860
791 305
13 535
800 823
224 244
580 504
88 389
3 172
62 499
791 692
186 373
300 26
52 204
163 305
135 270
1000 0.5 0.01 2
