308
13
0 0
706 137
392 662
692 274
944 370
726 945
869 43
621 770
112 402
523 374
619 178
553 457
95 814
696 130
27 417
940 487
943 965
670 435
931 752
307 776
404 101
199 526
117 312
762 505
433 864
868 155
832 870
488 624
686 782
585 89
268 339
248 344
22 776
89 614
75 271
882 646
6 656
449 27
857 362
809 774
403 626
559 145
667 945
524 737
683 777
641 798
514 495
102 813
517 591
748 330
859 127
699 41
281 442
257 106
116 99
41 732
555 95
378 1
155 308
942 955
619 205
646 910
796 791
785 49
958 817
424 240
311 226
37 119
761 866
404 417
929 432
743 535
418 679
107 379
329 868
22 432
24 474
380 83
145 135
576 209
877 859
901 0
464 473
181 35
976 331
672 617
324 264
193 341
525 782
527 935
218 529
48 325
431 989
626 974
594 432
757 450
805 123
959 266
348 776
409 946
458 247
841 361
333 503
675 306
407 811
418 325
856 199
300 792
371 156
163 237
172 589
609 928
273 18
379 694
996 38
4 6
738 18
693 307
989 54
468 585
594 172
563 205
271 783
58 987
374 383
775 530
913 512
413 798
813 948
943 941
437 169
247 374
347 51
8 111
321 825
854 335
619 272
742 232
496 187
605 66
973 75
241 509
845 106
451 217
955 319
432 662
704 73
418 205
817 754
570 429
362 720
114 713
11 516
737 62
563 318
222 187
697 638
343 830
1 279
3 342
159 177
386 880
493 321
366 804
655 303
524 297
633 506
522 325
541 547
378 801
89 325
724 631
76 414
514 273
378 958
690 639
217 176
222 135
233 59
248 871
356 223
38 314
118 33
359 835
36 361
340 718
682 361
82 210
293 801
744 627
249 336
232 799
102 526
5 262
221 216
87 148
664 361
656 366
537 434
696 622
330 105
621 753
401 923
159 253
552 382
364 793
271 72
804 650
12 288
29 322
213 3
598 388
243 144
273 196
623 781
107 370
516 271
1 270
432 765
62 608
55 270
841 468
616 334
235 243
221 773
79 461
186 665
165 871
608 391
349 329
227 136
17 329
559 430
736 641
387 3
12 327
20 283
149 266
764 651
100 768
567 435
110 270
304 770
739 876
61 312
71 260
215 125
255 202
747 667
481 97
198 160
289 287
65 344
235 151
413 724
362 952
107 111
245 182
188 217
300 735
517 304
401 321
8 299
204 181
734 562
259 344
705 626
783 708
159 450
543 262
373 44
483 678
704 755
30 414
353 818
385 930
683 188
163 27
3 371
138 120
342 822
577 482
583 300
524 915
348 908
695 636
856 763
8 227
216 95
8 342
47 343
256 24
365 753
726 662
24 311
614 173
534 255
357 820
284 869
554 665
201 907
629 776
264 193
339 342
47 176
67 412
206 824
154 267
1000 1.0 0.02 3
