401
29
0 0
645 7
720 867
513 499
208 766
976 884
991 864
696 804
655 676
840 976
718 867
456 818
901 808
380 423
668 533
939 794
311 824
906 961
899 692
227 898
646 431
886 633
468 400
867 887
720 871
585 832
746 892
990 681
333 883
675 773
145 637
939 680
852 885
520 96
603 554
677 836
214 793
480 576
986 924
392 482
872 974
644 517
888 795
622 5
999 958
415 509
910 946
150 945
719 760
695 188
420 387
720 832
714 926
697 759
659 869
192 793
645 19
592 992
764 778
839 680
468 397
77 793
729 74
299 814
571 343
717 25
989 846
971 861
448 338
194 768
929 831
845 841
687 867
963 616
464 498
141 809
547 542
945 847
627 445
504 497
101 705
849 606
766 919
492 399
621 919
555 935
123 778
971 877
58 537
938 801
789 869
870 838
953 865
204 709
693 551
816 941
690 852
689 61
787 873
931 944
996 833
560 369
580 108
630 3
170 733
631 885
603 891
794 859
724 324
278 823
589 379
994 810
641 885
948 839
692 610
970 813
813 35
402 685
738 668
703 958
453 511
412 458
259 729
912 918
770 940
930 978
854 942
909 831
587 581
813 824
208 668
222 800
978 848
455 622
696 876
756 719
550 544
872 85
825 100
503 468
571 325
251 719
689 913
492 16
446 402
614 60
500 144
469 435
171 802
237 542
516 491
550 958
598 690
193 835
567 576
747 781
530 102
496 518
210 827
779 754
226 781
722 772
655 831
639 360
880 871
786 17
449 521
717 794
786 907
505 383
677 883
705 778
536 495
923 981
913 861
684 47
580 474
165 445
481 45
243 773
206 793
240 653
989 973
676 184
782 780
976 919
949 912
204 768
652 8
636 854
632 5
753 830
894 901
883 814
564 508
876 903
305 703
865 852
514 380
701 54
343 924
721 920
490 458
534 592
259 778
474 652
193 899
177 722
270 754
284 335
967 750
485 462
644 779
461 532
611 509
564 75
364 519
517 18
998 838
949 850
928 822
601 533
923 783
102 799
726 914
834 244
239 755
838 831
866 934
630 73
793 816
949 878
72 589
436 525
541 524
543 471
588 198
640 38
440 626
178 630
721 822
528 881
705 976
653 366
981 905
679 929
793 937
335 676
212 772
896 799
233 776
902 891
1000 799
328 612
169 693
45 654
868 917
152 749
233 943
316 594
408 600
945 853
509 590
843 915
471 500
775 770
303 689
579 103
935 853
659 857
426 546
932 920
996 850
237 642
840 94
706 671
190 756
163 677
734 882
403 754
669 187
947 869
783 848
747 889
710 131
851 992
157 888
964 968
550 923
320 759
881 806
941 885
333 404
990 838
171 759
647 47
296 835
655 146
243 669
475 535
197 879
565 50
985 834
784 970
546 65
144 788
870 661
508 521
669 386
845 859
268 693
860 854
768 700
196 769
245 941
411 529
535 56
327 947
789 831
145 726
708 76
808 838
657 144
686 66
514 578
894 933
909 814
579 57
938 972
435 803
730 857
819 787
861 742
251 785
497 40
969 748
990 860
701 863
195 682
610 942
103 703
802 833
260 726
221 735
777 692
984 821
912 928
475 554
959 862
646 31
991 886
735 812
707 889
333 824
824 954
197 855
487 514
570 729
653 40
850 803
630 47
563 493
216 737
689 858
688 876
883 783
334 767
847 890
966 862
524 554
181 847
886 743
241 760
995 751
663 926
660 593
807 731
124 687
282 720
704 58
950 824
825 869
795 770
150 720
664 408
222 837
930 938
313 960
819 911
906 880
180 749
914 961
357 506
649 780
975 865
687 737
258 723
543 546
660 70
650 873
541 495
1000 0.5 0.01 2
