513
4
500 500
425 323
806 514
853 637
326 818
601 664
680 704
358 401
688 267
146 846
171 615
962 75
710 565
662 574
665 599
112 811
439 69
573 69
997 647
338 524
626 29
633 570
957 890
746 397
224 83
425 827
787 99
518 378
890 763
860 608
683 188
417 680
483 987
676 197
294 710
284 281
568 565
942 896
223 358
538 428
910 702
550 516
524 467
675 128
977 488
725 890
205 512
768 660
443 407
518 363
730 609
973 64
683 832
308 298
510 14
17 647
275 527
303 571
415 624
713 483
502 147
38 76
265 477
446 909
849 738
878 222
334 250
683 28
502 235
513 433
850 764
465 213
854 966
465 648
491 477
916 597
999 146
581 824
892 989
734 581
232 386
538 431
139 541
697 331
557 181
339 957
271 514
162 281
175 424
819 403
783 931
562 627
995 892
135 789
117 954
911 834
125 757
279 646
175 386
296 128
379 78
567 526
809 171
389 7
772 308
143 492
322 894
935 730
24 791
482 626
974 278
258 823
58 256
884 523
475 692
763 576
498 330
978 797
491 640
428 548
174 25
222 572
139 270
314 61
618 247
402 994
491 870
58 704
563 291
131 720
69 366
376 831
448 343
352 424
351 829
560 60
914 981
835 298
267 968
983 778
305 670
677 546
701 632
593 635
170 268
805 891
989 313
419 48
758 526
472 66
419 642
66 699
522 581
763 327
736 892
220 35
620 463
87 942
635 473
141 772
411 593
684 692
264 440
171 385
959 282
118 379
727 988
228 622
529 231
789 316
577 949
308 992
91 33
415 835
323 299
987 269
818 672
550 782
929 654
917 999
584 19
73 17
305 771
327 985
468 340
692 921
822 44
529 801
252 789
441 883
799 15
409 285
921 912
185 815
11 860
934 42
162 143
116 639
185 898
644 943
869 312
254 796
501 86
163 620
633 133
948 742
92 529
691 976
252 718
371 447
545 965
504 676
227 60
30 899
398 274
460 653
262 554
258 600
646 981
491 605
764 475
715 67
234 746
111 495
342 496
888 336
560 874
911 52
309 177
596 454
977 808
56 272
181 471
484 988
289 633
796 913
178 219
524 516
255 573
954 1
722 654
518 137
88 495
433 330
939 901
595 961
951 404
715 956
156 471
713 616
460 949
357 700
406 772
156 745
189 916
498 652
924 598
40 507
160 733
353 665
648 635
609 662
44 591
189 622
758 634
484 682
647 642
488 618
739 645
502 601
79 463
106 709
631 577
266 653
68 549
782 596
328 752
216 764
228 334
39 494
432 519
17 636
365 669
284 656
515 661
131 872
58 388
610 626
297 531
728 700
118 496
753 510
591 648
10 513
263 861
116 727
228 732
183 733
79 536
219 717
184 727
164 684
121 722
311 625
110 712
204 724
179 790
242 728
700 602
12 440
92 664
687 608
576 520
619 668
2 770
689 614
273 795
670 622
351 703
37 884
439 752
310 576
73 457
242 839
565 629
961 754
548 608
340 694
387 643
655 637
735 499
506 675
18 457
127 530
306 597
267 712
719 490
218 615
297 575
154 759
186 516
610 659
421 630
572 520
57 672
88 728
13 512
573 664
112 761
589 737
359 663
732 501
118 871
168 777
349 606
343 632
764 912
330 606
383 717
242 665
330 661
359 634
270 682
131 744
235 557
154 673
410 622
34 593
789 712
601 803
557 731
46 784
109 480
333 755
353 642
411 768
347 601
175 561
606 451
348 658
188 796
453 855
600 675
313 597
802 569
390 737
455 570
676 642
617 795
238 748
519 690
640 633
29 435
579 361
614 547
270 627
695 617
136 446
179 769
182 718
118 449
650 520
154 412
185 776
665 642
11 513
335 642
378 697
49 564
365 805
308 730
640 776
169 720
226 744
643 616
582 522
678 545
565 565
411 449
774 557
467 625
240 552
513 635
643 627
31 499
476 556
92 562
699 606
723 565
676 382
104 337
181 846
332 761
656 659
123 806
372 727
622 737
886 668
130 804
429 696
337 809
145 717
161 642
76 787
302 650
458 725
233 529
574 742
659 593
777 565
376 751
170 895
27 513
176 751
149 566
279 673
269 700
427 710
428 661
94 483
674 700
18 398
656 628
49 488
665 706
62 519
522 638
228 762
231 527
146 811
161 286
651 636
662 668
366 745
173 708
748 588
171 610
191 686
79 432
321 708
614 614
339 655
502 561
266 647
130 680
687 567
11 504
523 688
102 614
730 598
303 683
484 712
101 747
225 682
31 623
371 640
80 401
642 718
780 648
149 448
37 580
374 696
212 489
119 675
777 609
668 628
527 562
649 760
94 663
85 721
437 708
46 689
375 659
100 1.0 0.02 3
